1552759641.126433611 -0.03400 0.14177 -0.04535 0.03253 0.07556 0.10159 0.99142
1552759641.227184534 -0.04718 0.16512 -0.04861 0.03382 0.07259 0.11091 0.99060
1552759641.328015327 -0.06935 0.18593 -0.04789 0.03624 0.06825 0.11793 0.99001
1552759641.428794146 -0.09578 0.20959 -0.04836 0.03793 0.06714 0.12380 0.98931
1552759641.529564857 -0.12069 0.23114 -0.04627 0.04184 0.06539 0.13097 0.98834
1552759641.630481005 -0.14379 0.24939 -0.04230 0.04763 0.06180 0.13782 0.98738
1552759641.731144428 -0.16786 0.26295 -0.04028 0.04738 0.05843 0.14349 0.98679
1552759641.831978321 -0.19000 0.27568 -0.04576 0.04610 0.05875 0.15363 0.98530
1552759641.932729721 -0.21233 0.27961 -0.05134 0.04395 0.06070 0.16368 0.98366
1552759642.033563375 -0.24149 0.28040 -0.05144 0.04526 0.05752 0.17459 0.98192
1552759642.134426355 -0.26772 0.27296 -0.05300 0.05914 0.06115 0.17850 0.98026
1552759642.235111237 -0.29289 0.26205 -0.05467 0.06113 0.06646 0.18470 0.97864
1552759642.335952044 -0.31503 0.25894 -0.05088 0.04359 0.06392 0.18967 0.97880
1552759642.436726332 -0.33853 0.25889 -0.04321 0.03264 0.05880 0.19819 0.97785
1552759642.537654400 -0.35527 0.25802 -0.02897 0.03033 0.04859 0.20179 0.97775
1552759642.671864271 -0.37610 0.25335 -0.01039 0.03162 0.03443 0.20255 0.97816
1552759642.739280701 -0.38232 0.24978 -0.00253 0.03112 0.03062 0.20141 0.97853
1552759642.839837790 -0.38881 0.24298 0.00765 0.03103 0.02432 0.19731 0.97955
1552759642.940654516 -0.39522 0.23306 0.01674 0.02978 0.01840 0.19034 0.98109
1552759643.041487217 -0.40053 0.21802 0.02572 0.02859 0.01135 0.17812 0.98353
1552759643.145198822 -0.40534 0.20142 0.03488 0.03062 0.00595 0.16336 0.98607
1552759643.310237169 -0.39700 0.17629 0.04634 0.03055 -0.00018 0.13806 0.98995
1552759643.343858719 -0.39345 0.17055 0.04926 0.02983 -0.00082 0.13342 0.99061
1552759643.444686890 -0.39434 0.15342 0.05298 0.02793 -0.00217 0.11859 0.99255
1552759643.545491457 -0.39714 0.13771 0.05685 0.02789 -0.00316 0.10227 0.99436
1552759643.646419048 -0.40165 0.11915 0.06069 0.02965 -0.00257 0.08504 0.99593
1552759643.780735731 -0.40278 0.09225 0.05952 0.02985 -0.00111 0.05905 0.99781
1552759643.847821236 -0.40837 0.07470 0.05657 0.02998 0.00076 0.04484 0.99854
1552759643.948573828 -0.41615 0.05348 0.05150 0.03043 0.00679 0.02615 0.99917
1552759644.049375296 -0.42121 0.03697 0.04354 0.03318 0.01538 0.01091 0.99927
1552759644.150121689 -0.42658 0.02320 0.03690 0.03359 0.02171 -0.00497 0.99919
1552759644.251027346 -0.43266 0.01217 0.03236 0.03458 0.02823 -0.01812 0.99884
1552759644.351906538 -0.43724 0.00540 0.02818 0.03931 0.03342 -0.02960 0.99823
1552759644.452576399 -0.44088 0.00206 0.02527 0.04193 0.03639 -0.04093 0.99762
1552759644.553329706 -0.44365 0.00210 0.02128 0.04575 0.04021 -0.05094 0.99684
1552759644.654379129 -0.44885 0.00534 0.01598 0.04515 0.04482 -0.06055 0.99614
1552759644.755172968 -0.45410 0.01673 0.00893 0.03974 0.05153 -0.06931 0.99547
1552759644.855686426 -0.45747 0.03353 0.00237 0.04500 0.05915 -0.07064 0.99473
1552759644.956703901 -0.46030 0.05451 -0.00312 0.04858 0.06327 -0.06811 0.99448
1552759645.057281256 -0.46589 0.07642 -0.00597 0.04961 0.06611 -0.06397 0.99452
1552759645.158281803 -0.46929 0.10388 -0.01065 0.05123 0.06694 -0.05609 0.99486
1552759645.258852959 -0.47766 0.13195 -0.01286 0.05056 0.06742 -0.04463 0.99544
1552759645.359781981 -0.48475 0.16350 -0.01504 0.04993 0.06739 -0.03213 0.99596
1552759645.460478306 -0.49583 0.18964 -0.01447 0.04956 0.06527 -0.01794 0.99647
1552759645.560863018 -0.50787 0.21866 -0.01543 0.04939 0.06470 -0.00276 0.99668
1552759645.661053896 -0.52032 0.24358 -0.01566 0.04910 0.06342 0.01502 0.99667
1552759645.760898829 -0.53171 0.26799 -0.01792 0.04671 0.06325 0.03306 0.99636
1552759645.861032248 -0.53997 0.29431 -0.02090 0.04352 0.06467 0.05212 0.99559
1552759645.961196661 -0.54523 0.30859 -0.02244 0.04280 0.06403 0.07224 0.99441
1552759646.061163425 -0.55800 0.32761 -0.02660 0.04256 0.06279 0.09239 0.99283
1552759646.161186457 -0.57158 0.34363 -0.03301 0.04094 0.06340 0.11072 0.99098
1552759646.294742107 -0.59144 0.36876 -0.04303 0.04136 0.06836 0.13508 0.98761
1552759646.361404181 -0.60605 0.38089 -0.04846 0.04189 0.07092 0.14645 0.98578
1552759646.461473227 -0.62187 0.39557 -0.05714 0.04022 0.07561 0.16088 0.98325
1552759646.561504126 -0.63816 0.40643 -0.06693 0.03705 0.08113 0.17055 0.98130
1552759646.661595821 -0.65629 0.41698 -0.07920 0.03518 0.08749 0.17667 0.97974
1552759646.761717081 -0.67320 0.42496 -0.09138 0.03332 0.09546 0.17846 0.97874
1552759646.861764193 -0.69257 0.42871 -0.10245 0.03187 0.10521 0.17888 0.97771
1552759646.961950064 -0.70515 0.42944 -0.11510 0.03000 0.11383 0.17865 0.97685
